1
50
54
100
84
252
300
315
16066
3945
560
5208
1848
36075
18104
14467
14093
2516
182
10972
14040
462
1568
8996
7659
8880
5649
6657
10759
780
3915
21924
28950
2618
24853
4170
1968
18750
25000
8864
13078
15064
5901
6355
27064
10269
16074
2468
21534
28994
35074
1184
14904
12395
20216
6748
8359
6600
6633
29674
4830
15200
4636
23212
10868
5040
30060
17360
15012
6355
2947
11284
14761
23490
8073
20628
14178
36556
4352
198
4200
8876
630
30848
20628
891
11508
2769
34928
12045
12208
2660
8750
9272
7992
7859
17816
21357
17696
11977
32819
10440
9889
761
14190
16678
17238
8880
1215
34373
23247
6963
14430
9729
4784
8840
12000
21450
21813
28272
15813
9884
15232
4800
21620
3960
4899
28458
1786
9472
3276
612
10426
17732
21984
19188
5712
8173
6992
26298
5644
4790
8316
7275
288
4228
7714
10110
3864
10384
20702
4650
19520
15504
13776
13910
14136
26410
12441
24535
38883
10983
17594
12298
8784
28296
28200
15392
13755
3848
26860
26850
600
1000
7608
17388
24096
24150
27648
15136
11680
2528
27231
9093
8804
9698
20125
8126
6538
14004
5724
216
32671
15876
3213
260
11310
5370
10800
2001
1705
24084
5460
13790
9515
17632
21344
946
13832
27136
2626
10608
245
7220
20401
13022
2976
9639
32736
27018
16768
5652
14823
1406
6060
9945
22900
15657
7488
11940
1508
525
16080
1219
32604
12933
18270
1500
20265
24924
8540
11235
6840
28934
2916
3528
18400
6919
18200
8160
7917
11211
36822
12300
10818
14250
31931
13560
2561
24534
13104
4469
1736
11052
12000
16320
2485
2730
16859
1575
22209
20128
18840
26624
26908
9165
828
5750
10362
525
2880
3480
13900
5058
19552
29580
26964
10672
16588
22752
12172
16092
8448
2183
3058
6924
2040
1296
7458
4316
3629
12903
16895
4940
17352
5508
5536
11445
13281
432
6050
26136
17604
2926
3859
3000
25375
18354
22968
1692
14310
1661
14508
24026
22950
22274
18950
17982
11025
1458
22420
8514
225
22127
15600
21519
7070
28512
1350
3775
1089
671
7760
26928
18560
7130
7808
966
40110
5280
16724
8448
5070
9656
7641
8556
14916
11564
8976
23236
28582
16184
4389
24255
30921
26845
17646
364
1581
14680
12160
3060
19980
3584
17690
2904
2343
29807
17368
5970
14848
8220
22775
15660
1782
3618
26598
32865
2814
1280
11935
3472
3705
358
3094
5474
4020
7830
24708
20433
12592
6052
12704
9207
19677
2576
23577
10241
14763
1008
32096
6840
23532
29997
4697
13940
8652
17023
23496
1624
1524
19836
6372
2220
11454
8613
29370
26520
28440
16170
9260
23350
2176
9284
14220
19616
1054
33440
24185
14558
108
20196
3528
8352
4681
10032
15561
3376
3924
9828
21920
9844
4199
8125
14820
12810
9867
12276
21620
1820
15471
3436
14850
8260
23968
9139
11224
13282
10872
13566
15808
23800
1722
2369
17918
9144
3458
14900
5306
27187
8027
13160
9196
22208
6384
12444
2310
11739
15988
23635
11004
3132
12443
9261
9850
19080
7385
23828
22490
9856
7960
15742
30303
6528
14469
5139
5945
11520
