1
50
54
100
84
252
300
315
16066
3945
560
5208
1848
36075
18104
14467
14093
2516
182
10972
14040
462
1568
8996
7659
8880
5649
6657
10759
780
3915
24948
28950
2618
24853
4170
1968
18750
25000
8864
13078
15064
5901
6765
27064
10269
16074
2468
21534
28994
35074
1184
14904
12395
21280
6748
8359
7000
6633
29674
4830
15200
4636
23212
10032
5040
33400
17360
15012
6355
2947
11284
14761
23490
8073
20628
14178
42328
4352
180
4200
10144
630
30848
20628
891
11508
2769
34928
12045
11336
2660
8750
9272
7992
7859
17816
21357
17696
13629
32819
10440
9889
761
14190
16678
17238
8880
1215
34373
24381
6963
14430
9729
4784
8840
12000
21450
21813
28272
15813
9884
15232
4800
21620
3960
4899
28458
1786
9472
3276
612
10426
17732
20610
19188
5712
8173
6992
26298
5644
4790
9072
8439
288
4530
7714
10110
3496
10384
20702
4650
23424
15504
13776
12840
14136
25020
12441
24535
38883
10983
17594
12298
8784
31440
28200
15392
13755
3848
26860
26850
600
1000
7608
17388
24096
24150
27648
15136
11680
2528
27231
9093
8804
9698
20125
7648
6538
14004
5724
216
32671
15876
3213
260
11310
5370
10800
2001
1705
25422
5460
13790
9515
17632
21344
946
13832
27136
2626
10608
245
7220
20401
13022
2976
9639
32736
27018
16768
5652
14823
1406
6060
9945
22900
15657
7488
11940
1508
525
16080
1219
32604
12933
18270
1500
20265
24924
8540
11235
6840
28934
2916
4704
18400
6919
18200
8704
7917
11211
42636
12300
10818
14250
31931
13560
2561
24534
13104
4251
1736
12280
12000
16320
2485
2730
15393
1485
22209
20128
20096
26624
26908
9165
828
5750
10362
525
2880
3480
13900
5058
19552
29580
26964
10672
16588
22752
12172
14900
8448
2183
3058
6924
2040
1296
7458
4316
3629
12903
19075
4940
17352
5508
5536
12535
13281
480
6050
29040
17604
2926
3859
3200
25375
18354
22968
1692
14310
1661
14508
24026
22950
22274
18950
17982
11025
1458
22420
8514
225
22127
15600
21519
7070
26928
1350
3775
1089
671
7760
26928
22272
7130
7808
966
40110
5280
16724
8448
5070
9656
7641
8556
14916
13216
8976
23236
32270
16184
4389
24255
30921
26845
20760
364
1767
17616
12160
3060
19980
3584
17690
3256
2343
29807
17368
5970
14848
8220
22775
15660
1782
4020
26598
32865
2814
1280
12705
3472
3705
358
3094
6426
4020
7830
24708
20433
12592
6052
15880
9207
19677
2576
23577
10241
14763
1008
32096
6840
26076
29997
4697
13940
9888
18197
23496
1624
1524
20880
6372
2220
11454
8613
29370
26520
28440
16170
9260
27086
2176
9284
15010
19616
1054
33440
24185
15562
108
19074
3528
8352
4681
10032
15561
3376
4360
9828
21920
9844
4845
8125
14820
12810
9867
12276
21620
1820
15471
3436
14850
8260
23968
9139
12200
13282
10872
14280
15808
23800
1722
2369
17918
9906
3458
14900
5306
27187
8027
13160
9196
22208
6384
12444
2310
13545
18272
23635
11004
3480
13525
9261
9850
19080
7385
23828
22490
9856
7960
15742
30303
6528
14469
5139
5945
11520